programa,5,1,0,0,0,0,0,0,0,0,0,0
principal,5,2,1,1,0,0,0,1,2,2,0,3
--
" = ",430000
1,410001
2,410002
3,410004
4,410003
15,410000
5.6,420000
5,410005
--
21,-1,-1,2
19,410000,-1,210000
19,420000,-1,220000
15,210000,410001,350000
22,350000,-1,8
3,220000,410001,220000
21,-1,-1,18
15,220000,410002,350001
22,350001,-1,13
7,220000,410003,320001
19,320001,-1,220000
21,-1,-1,18
15,220000,410004,350002
22,350002,-1,18
20,410005,-1,310000
19,310000,-1,220000
21,-1,-1,18
9,210000,430000,330000
9,330000,220000,330001
34,330001,-1,-1
36,-1,-1,-1
